0.6752333492040634
0.6533373475074769
0.5833868958055973
0.543476877361536
0.49076933823525903
0.4692640647292137
0.44485682249069214
0.4040358975529671
0.37782891616225245
0.3411405384540558
0.3206536274403334
0.3142749920487404
0.28881591819226743
0.2725118603557348
0.2617789253592491
0.25707977153360845
0.24391333907842636
0.23170845322310923
0.2234543289989233
0.21852091662585735
0.2193086165934801
0.2023017443716526
0.21587018761783838
0.18861218709498645
0.19664482921361923
0.1946110550314188
0.17317098043859006
0.19105423912405967
0.17281707972288132
0.20064935963600875
0.17359851188957692
0.17985799647867678
0.16119663305580617
0.151762730255723
0.14583311285823583
0.14910845179110765
0.15993377417325974
0.1569869786500931
0.13158598262816668
0.13765691593289375
0.13068438339978455
0.12836228627711535
0.1393915843218565
0.13491795118898153
0.18235527090728282
0.138261672668159
0.13568875286728144
0.12490936890244483
0.11176065457984805
0.11473058322444558
0.1476067105308175
0.1218458286486566
0.11491117030382156
0.11731326822191476
0.13991915434598923
0.11079743802547455
0.10193435261026025
0.10229826392605901
0.10271995887160301
0.10373573945835232
0.10382324066013097
0.09983142297714949
0.1268942365422845
0.11123227663338184
0.1063272283412516
0.10419272985309362
0.09922677464783192
0.10761640500277281
0.09497131267562509
0.09466713899746537
0.10077387318015099
0.11144436541944742
0.11755576748400927
0.0900747231207788
0.09483217382803559
0.08997956346720457
0.09218533774837852
0.09691336061805486
0.08695635497570038
0.08781266892328858
0.09468229636549949
0.08690045420080424
0.08398519763723016
0.08594552343711256
0.09286389807239175
0.08620529053732753
0.09014520356431603
0.0948933470994234
0.08909789510071278
0.08158365134149789
0.08157942369580269
0.11080425418913364
0.09452069960534573
0.10182812279090285
0.0932421986013651
0.09144919933751225
0.08447236055508256
0.0906164888292551
0.08055814672261477
0.08255087230354548
0.08383319415152073
0.08591974508017301
0.08090974353253841
0.07963124839589
0.08624724810943007
0.07763079362921417
0.08147235307842493
0.07722550239413976
0.07909450214356184
0.08111002715304494
0.09503608457744121
0.08115356964990497
0.0812024563550949
0.08908409718424082
0.08479400398209691
0.09089385271072388
0.08118780599907041
0.07877025911584497
0.09136325204744936
0.07558762282133102
0.07864362942054867
0.07625506343320013
0.07880757730454206
0.08500688411295414
0.07776735452935099
0.07379765994846821
0.08724165186285973
0.08213641345500947
0.08235171856358647
0.08204458570107817
0.08391889221966267
0.07944825822487474
0.07538067428395152
0.08419794663786888
0.07466139914467931
0.07475797943770886
0.07430990329012274
0.07717852648347616
0.07815188392996789
0.08030474791303277
0.07466391706839204
0.07682206686586142
0.07311431709676981
0.10547000709921121
0.07697800416499376
0.07126422747969627
0.0726830038242042
0.08526536542922258
0.08251446355134248
0.08049133280292153
0.07442313237115741
0.07809239542111754
0.07368427366018296
0.07489088214933873
0.07675234340131283
0.07618010770529508
0.06817047372460365
0.07462023505941033
0.0708383183926344
0.07455851072445512
0.07303776545450091
0.07799062794074416
0.07084104381501674
0.07294145356863738
0.0724402939900756
0.0788331713527441
0.06997133959084749
0.07141884490847587
0.0745138630270958
0.08100761352106929
0.07356187226250768
0.073622184433043
0.06946459580212831
0.07572353649884463
0.08602215917780995
0.07506626741960645
0.0746421824209392
0.06789487400092184
0.06909960601478815
0.06842991011217237
0.06789095429703593
0.071771333925426
0.06993222460150719
0.06970108831301332
0.0717726631090045
0.07373196352273226
0.06710434574633836
0.06807613931596279
0.07402232335880399
0.0675486110150814
0.0841893526725471
0.06656986968591809
0.07029100451618434
0.06957371486350894
0.08727522315457463
0.06513444520533085
0.06900799144059419
0.06846935232169926
0.06875310242176055
0.06840869765728712
0.0697918526828289
0.06740783043205738
0.07017285665497183
0.06912120059132576
0.07181869558990002
0.07067721290513873
0.06910473853349686
0.07008669823408127
0.06987668424844742
0.06474085887894035
0.07310941284522414
0.06619720971211791
0.06709653120487928
0.068780052755028
0.06818609712645411
0.07908273441717029
0.06726323459297419
0.06527942847460508
0.06871929289773107
0.0687752808444202
0.06701221577823162
0.06849527871236205
0.07408662270754576
0.06876094657927752
0.0709136894904077
0.0688994660973549
0.06772669646888971
0.07313505634665489
0.06577247735112905
0.06719533409923314
0.06689911438152193
0.068246728181839
0.06559287691488862
0.06877347622066736
0.06530360151082278
0.07016632305458188
0.0696842847391963
0.06813672501593829
0.07993000680580735
0.07035810649394988
0.08180993497371673
0.07438782658427953
0.07085057590156793
0.06567881414666772
0.06690283315256237
0.06392325265333057
0.06778026344254613
0.06404513786546887
0.06567057073116303
0.06919768722727895
0.06490257466211916
0.06721186609938741
0.06748275207355618
0.06702065924182535
0.06603066800162197
0.06709292614832521
0.06943520866334438
0.07030251589603723
0.07166806375607848
0.06599276773631572
0.0687710378319025
0.07482337579131126
0.06787165775895118
0.06478956146165729
0.07034130115061998
0.06697361269034445
0.06815935149788857
0.06735993269830942
0.06582999005913734
0.06799265947192908
0.07053678622469306
0.06636552466079593
0.06946896687150002
0.06658958587795497
0.063892035279423
0.06389764356426894
0.06523332372307777
0.0679424475878477
0.0757045061327517
0.06497388472780585
0.0729914590716362
0.06946349451318383
0.06905134515836835
0.06785222785547376
0.061792936315760015
0.06348447632044554
0.06772181177511812
0.06758101191371679
0.0643299849703908
0.07042937949299813
0.0637111254967749
0.06472096592187881
0.06914274338632823
0.06679245205596089
0.06537390453740954
0.07469825511798263
0.06919759372249246
0.06445494201034307
0.06420420100912452
0.0640786168165505
0.06772426664829254
0.06383966542780399
0.06506380224600435
0.06818420803174377
0.06830775523558259
0.0677227932959795
0.06724344361573457
0.06675209673121571
0.06692411238327622
0.06690530497580767
0.06545733930543066
0.06493276236578822
0.061908915638923645
0.06493459828197956
0.0660314593464136
0.07106549125164748
0.0656238729134202
0.06478717373684048
0.06606662273406982
0.06505806380882859
0.07223773011937737
0.06408503679558634
0.07399351531639695
0.06580511713400483
0.0708274713717401
0.06547292154282332
0.06549867829307914
0.06387407733127475
0.06445883437991143
0.06843406539410353
0.06343908533453942
0.06528306500986218
0.06440692925825715
0.06424518367275596
0.06567709911614657
0.06549412319436669
0.06635165913030505
0.06809064140543342
0.07197191901504993
0.06709785619750619
0.06676635099574924
0.0650219751521945
0.0639075287617743
0.06248727748170495
0.06392673407681286
0.06947390669956803
0.06412547491490841
0.06744688376784325
0.06955778747797012
0.061692531360313295
0.06564688081853091
0.06324857864528895
0.06538154948502779
0.0689494077116251
0.06746880561113358
0.06495848959311842
0.06245256634429097
0.06345883146859706
0.06344880601391197
0.06485045840963721
0.07470563547685742
0.06379375597462059
0.06524985204450787
0.06459293682128191
0.06541052982211112
0.06529561039060354
0.06421542624011636
0.06855042027309537
0.06358880917541683
0.06253175949677825
0.06573893204331398
0.06226877490989864
0.0671193110756576
0.0702898143325001
0.06686148401349783
0.07030440289527178
0.07491850955411791
0.06801824118010699
0.06513448180630803
0.06674025747925043
0.06610350068658591
0.06892754659056663
0.0636001911945641
0.06584171019494534
0.06743598813191057
0.06834071995690465
0.06866498533636331
0.06502672852948307
0.0647550554946065
0.0721242711879313
0.06317133232951164
0.0652513044886291
0.06842892719432711
0.06444927761331201
0.06764830639585853
0.061755677219480276
0.06704947138205171
0.06431785142049193
0.06587663181126117
0.06579451477155089
0.06480662971735
0.06738433307036758
0.06603718493133784
0.06156554501503706
0.06772483875975013
0.06475764601491392
0.0686684800311923
0.06732722409069539
0.06687069358304143
0.06533086095005274
0.06280632941052318
0.06351034147664905
0.0657025302760303
0.0626344894990325
0.062254815548658374
0.0651646546088159
0.06450356673449278
0.06521871574223041
0.06729543032124638
0.06458388995379209
0.06358512914739549
0.06718100705184042
0.06721146646887063
0.06373147340491414
0.06957100834697486
0.07838930538855493
0.06464408030733466
0.06777418237179518
0.06613547066226602
0.06313561126589776
0.06395269674248993
0.06363125424832106
0.0635007381439209
0.06698288647457958
0.06497411089949309
0.06633901316672564
0.06322948783636093
0.07068703398108482
0.06499295504763722
0.06639107009395957
0.06188391437754035
0.06649706466123462
0.06506488425657153
0.06599705116823315
0.0667770883999765
0.06325817769393324
0.06530891116708518
0.06837692996487021
0.06233288645744324
0.06672883201390505
0.06242569666355848
0.06849775277078152
0.06895958473905921
0.06550743840634823
0.06782175432890654
0.06338345650583506
0.0638414800632745
0.06771211540326476
0.0637472820468247
0.0649150051176548
0.06655894285067916
0.06283661993220449
0.06579237841069699
0.06624873634427786
0.0734086676966399
0.0646283956244588
0.06550500993616878
0.06758257723413408
0.06528044324368239
0.06286242054775357
0.06862135045230389
0.06575227370485663
0.06695824963971972
0.0642785158008337
0.06414093729108572
0.06412238897755743
0.06582808056846261
0.06336468234658241
0.06631889687851071
0.06622620495036244
0.06269457684829831
0.06838150685653091
0.06567003680393099
0.06550319385714828
0.06689933007583022
0.06687755975872278
0.0658501104451716
0.06646218397654594
0.06544017945416272
0.063365070335567
0.06474437853321433
0.067511679045856
0.07032111575827002
0.06749140163883567
0.06755861174315214
0.07283523045480252
0.06558428350836039
0.0670009957626462
0.06448695566505194
0.06740137953311205